  1033.6  1415.525467   244.8000     1.9000
  1044.7  1415.473384  -126.8000     2.0240
  1055.7  1415.421300    13.4600     2.1465
  1066.8  1415.369217    33.4000     2.2673
  1077.9  1415.317134    26.8400     2.3866
  1089.0  1415.265050     5.7500     2.5043
  1100.0  1415.212967    -1.4700     2.6205
  1111.1  1415.160884    24.9200     2.7350
  1122.2  1415.108800    22.3200     2.8480
  1133.3  1415.056717    19.3800     2.9595
  1144.3  1415.004634    31.4100     3.0693
  1155.4  1414.952550    23.4400     3.1776
  1166.5  1414.900467     9.0320     3.2843
  1177.6  1414.848384     8.3740     3.3894
  1188.6  1414.796300    11.0400     3.4929
  1199.7  1414.744217     8.8000     3.5949
  1210.8  1414.692134     0.5572     3.6953
  1221.9  1414.640050    -8.8930     3.7942
  1233.0  1414.587967    -7.6000     3.8914
  1244.1  1414.535884    -3.8850     3.9871
  1255.1  1414.483800    -4.1950     4.0812
  1266.2  1414.431717     0.1625     4.1737
  1277.3  1414.379634     9.1090     4.2647
  1288.4  1414.327550    13.3500     4.3541
  1299.5  1414.275467     8.3510     4.4419
  1310.6  1414.223384     2.0430     4.5281
  1321.7  1414.171300     4.4580     4.6128
  1332.8  1414.119217     7.1590     4.6959
  1343.8  1414.067134     1.5320     4.7774
  1354.9  1414.015050     0.2631     4.8573
  1366.0  1413.962967     6.7570     4.9357
  1377.1  1413.910884     7.4690     5.0125
  1388.2  1413.858800     8.4050     5.0877
  1399.3  1413.806717    14.8600     5.1614
  1410.4  1413.754634     9.8140     5.2334
  1421.5  1413.702550    -3.0110     5.3039
  1432.6  1413.650467    -5.2320     5.3728
  1443.7  1413.598384     3.2660     5.4402
  1454.8  1413.546300     9.1480     5.5060
  1465.9  1413.494217     9.5430     5.5702
  1477.0  1413.442134    13.0600     5.6328
  1488.1  1413.390050    13.0300     5.6939
  1499.2  1413.337967     6.1300     5.7533
  1510.3  1413.285884     2.3530     5.8112
  1521.4  1413.233800     2.0900     5.8676
  1532.5  1413.181717     3.4050     5.9223
  1543.6  1413.129634     3.3670     5.9755
  1554.7  1413.077550     0.3638     6.0271
  1565.8  1413.025467     2.0510     6.0772
  1576.9  1412.973384     9.3340     6.1256
  1588.1  1412.921300    12.4000     6.1725
  1599.2  1412.869217     7.6470     6.2178
  1610.3  1412.817134     3.6990     6.2616
  1621.4  1412.765050     5.7970     6.3037
  1632.5  1412.712967     7.8630     6.3443
  1643.6  1412.660884     7.4610     6.3833
  1654.7  1412.608800     7.4450     6.4208
  1665.8  1412.556717     4.1100     6.4566
  1677.0  1412.504634     1.4240     6.4909
  1688.1  1412.452550     7.1510     6.5237
  1699.2  1412.400467    11.5000     6.5548
  1710.3  1412.348384    10.3600     6.5844
  1721.4  1412.296300     9.1710     6.6124
  1732.5  1412.244217     8.0880     6.6388
  1743.7  1412.192134     9.1400     6.6636
  1754.8  1412.140050     9.1640     6.6869
  1765.9  1412.087967     7.0820     6.7086
  1777.0  1412.035884     8.9160     6.7288
  1788.2  1411.983800     6.4310     6.7473
  1799.3  1411.931717     1.3230     6.7643
  1810.4  1411.879634     0.4179     6.7797
  1821.5  1411.827550    -2.0280     6.7935
  1832.7  1411.775467     3.4440     6.8058
  1843.8  1411.723384     9.2250     6.8165
  1854.9  1411.671300     7.7080     6.8256
  1866.0  1411.619217    20.6800     6.8331
  1877.2  1411.567134    45.9500     6.8391
  1888.3  1411.515050    68.2500     6.8435
  1899.4  1411.462967    79.7200     6.8463
  1910.6  1411.410884    82.0400     6.8475
  1921.7  1411.358800    82.9700     6.8472
  1932.8  1411.306717    77.7800     6.8453
  1944.0  1411.254634    69.7500     6.8418
  1955.1  1411.202550    64.9600     6.8368
  1966.3  1411.150467    65.1400     6.8301
  1977.4  1411.098384    69.6800     6.8219
  1988.5  1411.046300    74.5400     6.8121
  1999.7  1410.994217    76.9900     6.8008
  2010.8  1410.942134    70.7700     6.7879
  2022.0  1410.890050    64.5500     6.7734
  2033.1  1410.837967    64.5900     6.7573
  2044.2  1410.785884    60.0300     6.7397
  2055.4  1410.733800    55.2500     6.7204
  2066.5  1410.681717    55.4500     6.6996
  2077.7  1410.629634    55.4300     6.6773
  2088.8  1410.577550    58.6200     6.6533
  2100.0  1410.525467    63.1600     6.6278
  2111.1  1410.473384    68.9000     6.6007
  2122.3  1410.421300    74.5200     6.5721
  2133.4  1410.369217    71.1900     6.5418
  2144.6  1410.317134    63.5000     6.5100
  2155.7  1410.265050    60.3800     6.4766
  2166.9  1410.212967    64.2900     6.4417
  2178.0  1410.160884    65.1000     6.4051
  2189.2  1410.108800    67.3300     6.3670
  2200.3  1410.056717    76.4000     6.3273
  2211.5  1410.004634    80.1000     6.2861
  2222.6  1409.952550    81.6500     6.2432
  2233.8  1409.900467    87.3800     6.1988
  2244.9  1409.848384    91.7100     6.1529
  2256.1  1409.796300    95.2700     6.1053
  2267.3  1409.744217   102.9000     6.0562
  2278.4  1409.692134   110.0000     6.0055
  2289.6  1409.640050   115.4000     5.9532
  2300.7  1409.587967   116.9000     5.8993
  2311.9  1409.535884   106.0000     5.8439
  2323.1  1409.483800    78.4000     5.7869
  2334.2  1409.431717    44.8200     5.7284
  2345.4  1409.379634    23.2100     5.6682
  2356.6  1409.327550    14.0800     5.6065
  2367.7  1409.275467    10.7600     5.5432
  2378.9  1409.223384     7.7550     5.4783
  2390.1  1409.171300     0.1161     5.4119
  2401.2  1409.119217    -0.9520     5.3439
  2412.4  1409.067134     1.6720     5.2743
  2423.6  1409.015050     0.9365     5.2031
  2434.8  1408.962967     4.4730     5.1304
  2445.9  1408.910884     6.0140     5.0561
  2457.1  1408.858800     3.5680     4.9802
  2468.3  1408.806717     1.4240     4.9027
  2479.4  1408.754634     2.5540     4.8237
  2490.6  1408.702550     6.3770     4.7431
  2501.8  1408.650467     7.1980     4.6609
  2513.0  1408.598384    10.7800     4.5772
  2524.2  1408.546300    12.9200     4.4918
  2535.3  1408.494217     3.9780     4.4049
  2546.5  1408.442134    -1.8570     4.3164
  2557.7  1408.390050     1.3310     4.2264
  2568.9  1408.337967     3.0340     4.1348
  2580.1  1408.285884    -0.9210     4.0416
  2591.2  1408.233800    -3.0800     3.9468
  2602.4  1408.181717     1.2070     3.8505
  2613.6  1408.129634     0.5572     3.7525
  2624.8  1408.077550    -1.7720     3.6530
  2636.0  1408.025467     2.0590     3.5520
  2647.2  1407.973384     6.6400     3.4493
  2658.4  1407.921300     4.0860     3.3451
  2669.5  1407.869217    -1.4700     3.2393
  2680.7  1407.817134     1.7720     3.1320
  2691.9  1407.765050     5.4950     3.0230
  2703.1  1407.712967     4.2180     2.9125
  2714.3  1407.660884     3.1960     2.8004
  2725.5  1407.608800     3.7150     2.6868
  2736.7  1407.556717     6.8730     2.5715
  2747.9  1407.504634     9.0160     2.4547
  2759.1  1407.452550     5.9900     2.3363
  2770.3  1407.400467     2.4770     2.2164
  2781.5  1407.348384     5.0620     2.0948
  2792.7  1407.296300     6.2300     1.9717
  2803.9  1407.244217    -0.4257     1.8471
  2815.1  1407.192134     1.2690     1.7208
  2826.3  1407.140050     7.1050     1.5930
  2837.5  1407.087967     6.6560     1.4636
  2848.7  1407.035884     9.0630     1.3326
  2859.9  1406.983800     8.2660     1.2000
  2871.1  1406.931717     7.3910     1.0659
  2882.3  1406.879634     8.4750     0.9302
  2893.5  1406.827550     2.0820     0.7930
  2904.7  1406.775467    -2.9330     0.6541
  2915.9  1406.723384    -2.3140     0.5137
  2927.1  1406.671300    -3.4360     0.3717
  2938.3  1406.619217    -3.2120     0.2281
  2949.5  1406.567134    -2.0510     0.0830
  2960.8  1406.515050    -6.3620    -0.0637
  2972.0  1406.462967    -6.3000    -0.2120
  2983.2  1406.410884    -0.0310    -0.3619
  2994.4  1406.358800    -3.4520    -0.5133
  3005.6  1406.306717    -5.6420    -0.6663
  3016.8  1406.254634     0.7739    -0.8209
  3028.0  1406.202550    -6.5710    -0.9771
  3039.2  1406.150467   -20.1500    -1.1348
  3050.5  1406.098384   -14.0900    -1.2941
  3061.7  1406.046300    -8.0570    -1.4550
  3072.9  1405.994217   -15.2400    -1.6174
  3084.1  1405.942134    14.3100    -1.7815
  3095.3  1405.890050    36.3200    -1.9471
  3106.6  1405.837967   -91.1700    -2.1143
  3117.8  1405.785884   -94.1100    -2.2830
  3129.0  1405.733800    82.7300    -2.4533
  3140.2  1405.681717    32.8200    -2.6252
  3151.5  1405.629634   -46.0300    -2.7987
  3162.7  1405.577550  -470.9000    -2.9737
